1000 1 1 1 10 1 0
2000 1 1 1 17 1 0
3000 1 1 1 33 1 1
4000 1 1 1 59 1 1
5000 1 1 1 99 0 2
6000 1 1 1 141 1 1
7000 1 1 1 197 1 2
8000 1 1 1 265 1 2
9000 1 1 1 337 1 3
10000 1 1 1 418 1 3
11000 1 1 1 517 2 3
12000 1 1 1 632 2 3
13000 1 1 1 724 2 4
14000 1 1 1 847 1 4
15000 1 1 1 979 2 4
16000 1 1 1 1115 2 4
17000 1 1 1 1266 2 5
18000 1 1 1 1421 2 5
19000 1 1 1 1648 3 5
20000 1 1 1 1789 2 6
21000 1 1 1 2092 4 8
22000 1 1 1 2418 3 8
23000 1 1 1 2619 3 9
24000 1 1 1 2881 4 7
25000 1 1 1 3176 5 11
26000 1 1 1 3559 4 9
27000 1 1 1 3615 4 10
28000 1 1 1 3723 4 8
29000 1 1 1 3809 4 8
30000 1 1 1 4199 5 8
31000 1 1 1 4429 5 9
32000 1 1 1 4706 5 9
33000 1 1 1 4961 6 10
34000 1 1 1 5276 4 10
35000 1 1 1 5604 5 10
36000 1 1 1 5962 5 11
37000 1 1 1 6288 6 12
38000 1 1 1 6564 5 11
39000 1 1 1 6976 6 14
40000 1 1 1 7284 6 12
41000 1 1 1 7719 6 11
42000 1 1 1 8098 6 14
43000 1 1 1 8475 7 13
44000 1 1 1 8890 7 12
45000 1 1 1 9303 7 13
46000 1 1 1 9891 7 16
47000 1 1 1 10179 7 14
48000 1 1 1 10621 8 14
49000 1 1 1 11069 8 14
50000 1 1 1 11508 8 16
51000 1 1 1 12108 8 15
52000 1 1 1 12796 9 16
53000 1 1 1 13485 8 16
54000 1 1 1 13445 8 15
55000 1 1 1 14273 8 17
56000 1 1 1 14550 9 16
57000 1 1 1 14991 8 17
58000 1 1 1 15557 9 17
59000 1 1 1 16115 9 17
60000 1 1 1 16706 10 21
61000 1 1 1 17188 9 18
62000 1 1 1 17862 10 18
63000 1 1 1 18387 10 19
64000 1 1 1 18954 10 19
65000 1 1 1 19669 10 20
66000 1 1 1 20927 11 19
67000 1 1 1 21070 10 21
68000 1 1 1 21519 11 20
69000 1 1 1 22228 11 25
70000 1 1 1 22827 11 21
71000 1 1 1 23590 12 22
72000 1 1 1 24290 12 22
73000 1 1 1 25550 12 23
74000 1 1 1 26751 12 23
75000 1 1 1 26172 12 22
76000 1 1 1 26768 12 24
77000 1 1 1 27574 12 23
78000 1 1 1 28290 13 24
79000 1 1 1 28968 13 24
80000 1 1 1 29729 13 24
81000 1 1 1 31083 13 25
82000 1 1 1 31414 13 25
83000 1 1 1 32286 14 26
84000 1 1 1 34842 15 26
85000 1 1 1 34682 14 26
86000 1 1 1 34959 14 26
87000 1 1 1 35126 14 27
88000 1 1 1 37358 14 27
89000 1 1 1 37482 14 28
90000 1 1 1 37691 15 28
91000 1 1 1 38589 15 28
92000 1 1 1 39345 16 28
93000 1 1 1 43296 15 32
94000 1 1 1 44274 17 36
95000 1 1 1 44085 17 36
96000 1 1 1 46276 15 31
97000 1 1 1 45501 16 30
98000 1 1 1 47273 16 32
99000 1 1 1 49929 17 33
100000 1 1 1 48352 18 39
